Time (seconds),Throughput (requests/second),Average Latency (millisecond),Minimum Latency (millisecond),25th Percentile Latency (millisecond),Median Latency (millisecond),75th Percentile Latency (millisecond),90th Percentile Latency (millisecond),95th Percentile Latency (millisecond),99th Percentile Latency (millisecond),Maximum Latency (millisecond),tp (req/s) scaled
0,581.400,10.652,1.469,6.637,8.974,12.413,16.933,20.990,39.823,156.650,0.094
