Time (seconds),Throughput (requests/second),Average Latency (millisecond),Minimum Latency (millisecond),25th Percentile Latency (millisecond),Median Latency (millisecond),75th Percentile Latency (millisecond),90th Percentile Latency (millisecond),95th Percentile Latency (millisecond),99th Percentile Latency (millisecond),Maximum Latency (millisecond),tp (req/s) scaled
0,1201.000,19.878,1.001,11.212,17.817,25.653,34.313,40.298,64.083,154.974,0.050
