Time (seconds),Throughput (requests/second),Average Latency (millisecond),Minimum Latency (millisecond),25th Percentile Latency (millisecond),Median Latency (millisecond),75th Percentile Latency (millisecond),90th Percentile Latency (millisecond),95th Percentile Latency (millisecond),99th Percentile Latency (millisecond),Maximum Latency (millisecond),tp (req/s) scaled
0,48.400,6.991,1.169,4.393,5.883,8.167,10.512,12.638,20.559,88.723,0.143
