Time (seconds),Throughput (requests/second),Average Latency (millisecond),Minimum Latency (millisecond),25th Percentile Latency (millisecond),Median Latency (millisecond),75th Percentile Latency (millisecond),90th Percentile Latency (millisecond),95th Percentile Latency (millisecond),99th Percentile Latency (millisecond),Maximum Latency (millisecond),tp (req/s) scaled
0,518.600,27.274,1.864,9.056,24.055,37.725,52.701,65.396,100.372,152.710,0.037
