Time (seconds),Throughput (requests/second),Average Latency (millisecond),Minimum Latency (millisecond),25th Percentile Latency (millisecond),Median Latency (millisecond),75th Percentile Latency (millisecond),90th Percentile Latency (millisecond),95th Percentile Latency (millisecond),99th Percentile Latency (millisecond),Maximum Latency (millisecond),tp (req/s) scaled
0,44.000,7.042,0.539,2.308,6.507,10.070,14.762,18.424,23.474,28.672,0.142
